0 -0.531 24.850 1.324
1 0.989 22.741 -1.380
2 -0.816 20.014 -3.217
3 -0.826 18.027 -6.390
4 -3.276 18.622 -9.199
5 -2.901 15.919 -11.816
6 -4.023 12.449 -12.798
7 -6.383 10.758 -10.292
8 -4.546 7.380 -10.354
9 -7.437 5.554 -8.750
10 -9.050 2.422 -10.153
11 -12.417 2.138 -11.860
12 -14.824 -0.119 -10.006
13 -14.598 -2.397 -6.992
14 -13.172 -5.751 -8.012
15 -14.996 -7.548 -10.800
16 -11.619 -8.840 -11.918
17 -10.129 -11.556 -9.746
18 -6.516 -11.102 -10.780
19 -3.992 -13.761 -9.741
20 -1.442 -12.763 -7.129
21 1.084 -14.035 -9.645
22 -0.049 -11.185 -11.862
23 0.022 -8.784 -8.938
24 3.099 -7.131 -7.479
25 2.260 -4.990 -4.472
26 -0.910 -3.851 -2.747
27 -2.125 -0.840 -0.802
28 -4.971 -0.764 1.692
29 -6.402 2.501 2.964
30 -8.363 3.236 6.118
31 -9.830 6.587 5.148
32 -13.095 7.109 3.307
33 -11.340 5.032 0.673
34 -10.995 1.948 2.840
35 -10.270 -0.010 -0.317
36 -7.630 -2.535 -1.307
37 -5.362 -1.356 -4.098
38 -3.624 -4.056 -6.103
39 -0.628 -3.092 -8.205
40 0.535 -5.403 -10.968
41 3.997 -5.869 -12.426
42 2.519 -4.100 -15.428
43 1.894 -0.979 -13.381
44 -1.862 -1.413 -13.541
45 -3.354 -0.651 -10.146
46 -6.893 -1.643 -9.243
47 -9.068 -1.249 -6.170
48 -11.152 -3.914 -4.475
49 -13.463 -4.257 -1.496
50 -11.807 -5.761 1.589
51 -15.186 -7.306 2.314
52 -14.279 -10.109 -0.063
53 -12.662 -13.157 1.491
54 -10.974 -14.045 -1.778
55 -9.423 -10.596 -1.632
56 -8.295 -11.039 1.952
57 -6.859 -14.392 0.941
58 -4.992 -12.878 -1.981
59 -3.891 -10.016 0.237
60 -2.312 -12.553 2.560
61 -0.240 -13.932 -0.291
62 0.403 -10.527 -1.816
63 2.380 -9.759 1.319
64 4.566 -12.767 0.612
65 4.709 -11.850 -3.057
66 5.934 -8.397 -2.107
67 7.334 -9.219 1.312
68 10.820 -8.085 0.254
69 11.446 -5.321 -2.299
70 11.778 -5.462 -6.077
71 14.533 -3.807 -8.154
72 16.010 -1.333 -5.720
73 16.458 1.629 -7.998
74 13.232 3.535 -7.620
75 12.822 7.267 -8.096
76 14.687 8.395 -5.036
77 16.981 11.191 -4.084
78 20.514 9.984 -3.719
79 23.448 11.360 -1.837
80 27.067 11.753 -2.772
81 29.619 8.992 -2.545
82 32.758 8.693 -0.471
83 36.231 8.934 -1.911
84 38.895 6.387 -1.262
85 42.390 6.959 0.085
86 43.502 3.604 -1.385
87 43.789 3.357 -5.127
88 40.818 1.524 -6.453
89 39.963 0.847 -10.058
90 36.860 2.485 -11.393
91 34.776 1.413 -14.344
92 33.959 3.703 -17.217
93 99.469 124.85 101.324
94 100.989 122.741 98.62
95 99.184 120.014 96.783
96 99.174 118.027 93.61
97 96.724 118.622 90.801
98 97.099 115.919 88.184
99 95.977 112.449 87.202
100 93.617 110.758 89.708
101 95.454 107.38 89.646
102 92.563 105.554 91.25
103 90.95 102.422 89.847
104 87.583 102.138 88.14
105 85.176 99.881 89.994
106 85.402 97.603 93.008
107 86.828 94.249 91.988
108 85.004 92.452 89.2
109 88.381 91.16 88.082
110 89.871 88.444 90.254
111 93.484 88.898 89.22
112 96.008 86.239 90.259
113 98.558 87.237 92.871
114 101.084 85.965 90.355
115 99.951 88.815 88.138
116 100.022 91.216 91.062
117 103.099 92.869 92.521
118 102.26 95.01 95.528
119 99.09 96.149 97.253
120 97.875 99.16 99.198
121 95.029 99.236 101.692
122 93.598 102.501 102.964
123 91.637 103.236 106.118
124 90.17 106.587 105.148
125 86.905 107.109 103.307
126 88.66 105.032 100.673
127 89.005 101.948 102.84
128 89.73 99.99 99.683
129 92.37 97.465 98.693
130 94.638 98.644 95.902
131 96.376 95.944 93.897
132 99.372 96.908 91.795
133 100.535 94.597 89.032
134 103.997 94.131 87.574
135 102.519 95.9 84.572
136 101.894 99.021 86.619
137 98.138 98.587 86.459
138 96.646 99.349 89.854
139 93.107 98.357 90.757
140 90.932 98.751 93.83
141 88.848 96.086 95.525
142 86.537 95.743 98.504
143 88.193 94.239 101.589
144 84.814 92.694 102.314
145 85.721 89.891 99.937
146 87.338 86.843 101.491
147 89.026 85.955 98.222
148 90.577 89.404 98.368
149 91.705 88.961 101.952
150 93.141 85.608 100.941
151 95.008 87.122 98.019
152 96.109 89.984 100.237
153 97.688 87.447 102.56
154 99.76 86.068 99.709
155 100.403 89.473 98.184
156 102.38 90.241 101.319
157 104.566 87.233 100.612
158 104.709 88.15 96.943
159 105.934 91.603 97.893
160 107.334 90.781 101.312
161 110.82 91.915 100.254
162 111.446 94.679 97.701
163 111.778 94.538 93.923
164 114.533 96.193 91.846
165 116.01 98.667 94.28
166 116.458 101.629 92.002
167 113.232 103.535 92.38
168 112.822 107.267 91.904
169 114.687 108.395 94.964
170 116.981 111.191 95.916
171 120.514 109.984 96.281
172 123.448 111.36 98.163
173 127.067 111.753 97.228
174 129.619 108.992 97.455
175 132.758 108.693 99.529
176 136.231 108.934 98.089
177 138.895 106.387 98.738
178 142.39 106.959 100.085
179 143.502 103.604 98.615
180 143.789 103.357 94.873
181 140.818 101.524 93.547
182 139.963 100.847 89.942
183 136.86 102.485 88.607
184 134.776 101.413 85.656
185 133.959 103.703 82.783
