7 50
8 48
8 49
8 50
8 52
9 46
9 47
9 48
11 44
11 45
11 46
12 42
12 44
12 45
13 17
13 40
13 42
13 43
13 44
14 42
14 43
15 41
15 42
15 43
15 44
17 39
17 40
17 41
17 42
17 43
18 40
18 41
19 41
20 24
20 39
20 40
20 41
22 39
23 38
23 39
23 40
23 41
24 37
24 38
24 39
25 36
25 37
25 38
26 35
26 36
26 37
26 39
27 34
27 35
27 36
28 33
28 34
28 35
28 36
28 37
29 33
29 34
30 35
32 49
32 50
32 51
33 48
33 49
33 50
34 47
34 48
34 49
34 50
34 51
35 46
35 47
35 48
36 45
36 46
36 47
36 49
37 44
37 45
37 46
38 43
38 44
38 45
38 46
38 47
39 43
39 44
40 45
49 53
100 143
101 141
101 142
101 143
101 145
102 139
102 140
102 141
104 137
104 138
104 139
105 135
105 137
105 138
106 110
106 133
106 135
106 136
106 137
107 135
107 136
108 134
108 135
108 136
108 137
110 132
110 133
110 134
110 135
110 136
111 133
111 134
112 134
113 117
113 132
113 133
113 134
115 132
116 131
116 132
116 133
116 134
117 130
117 131
117 132
118 129
118 130
118 131
119 128
119 129
119 130
119 132
120 127
120 128
120 129
121 126
121 127
121 128
121 129
121 130
122 126
122 127
123 128
125 142
125 143
125 144
126 141
126 142
126 143
127 140
127 141
127 142
127 143
127 144
128 139
128 140
128 141
129 138
129 139
129 140
129 142
130 137
130 138
130 139
131 136
131 137
131 138
131 139
131 140
132 136
132 137
133 138
142 146
7 107
7 108
7 109
8 108
9 106
9 107
9 108
9 137
11 104
11 105
11 106
11 139
12 104
13 102
13 103
13 104
13 139
13 140
13 141
14 100
14 102
15 100
15 101
15 102
15 126
15 141
15 143
16 100
16 126
16 143
16 144
16 145
17 123
17 125
17 126
17 143
17 144
18 123
18 124
18 125
18 126
18 144
20 123
24 123
26 121
26 122
26 123
27 121
28 119
28 120
28 121
28 130
28 132
29 119
30 110
30 111
30 113
30 117
30 119
30 132
31 110
31 111
32 110
32 111
33 108
33 110
33 132
33 136
33 137
34 137
35 130
35 132
35 137
36 137
37 121
37 128
37 129
37 130
37 139
39 121
39 123
39 126
39 128
40 126
43 126
44 102
44 126
44 127
44 128
44 129
44 139
44 140
44 141
46 106
46 130
46 137
46 139
47 106
47 137
48 106
48 108
48 137
50 108
50 109
50 110
51 109
51 110
51 111
