0  20.072000  30.482000  42.521000
1  23.828000  30.077000  41.742000
2  26.024000  31.856000  44.342000
3  29.307000  33.586000  43.237000
4  31.101000  30.495000  44.674000
5  28.938000  28.136000  42.512000
6  29.795000  30.170000  39.356000
7  33.514000  29.997000  40.358000
8  33.375000  26.192000  40.968000
9  31.553000  25.595000  37.619000
10  34.002000  27.830000  35.626000
11  37.011000  26.016000  37.205000
12  35.606000  22.480000  36.587000
13  34.438000  23.276000  32.999000
14  37.758000  25.068000  32.252000
15  39.413000  21.695000  33.111000
16  36.960000  19.847000  30.748000
17  38.317000  22.181000  28.027000
18  38.619000  20.459000  24.609000
19  37.135000  17.097000  25.878000
20  33.665000  18.720000  26.273000
21  32.149000  16.976000  23.165000
22  33.776000  13.594000  24.085000
23  32.266000  13.772000  27.622000
24  28.986000  14.987000  26.013000
25  28.894000  11.720000  23.974000
26  29.751000  9.513000  27.028000
27  26.978000  11.175000  29.123000
28  24.403000  10.374000  26.357000
29  25.578000  6.705000  26.191000
30  25.470000  6.400000  30.039000
31  21.898000  7.804000  29.873000
32  20.737000  5.417000  27.057000
33  22.073000  2.344000  28.977000
34  21.083000  3.421000  32.557000
35  17.697000  4.969000  31.596000
36  16.491000  3.152000  28.396000
37  13.169000  5.143000  28.308000
38  15.285000  8.173000  27.163000
39  15.840000  6.332000  23.796000
40  12.152000  7.163000  22.937000
41  13.443000  10.678000  21.975000
42  16.084000  9.233000  19.531000
43  14.311000  6.531000  17.319000
44  15.961000  8.232000  14.255000
45  19.564000  7.678000  15.555000
46  22.026000  4.884000  15.334000
47  22.498000  4.485000  19.131000
48  25.347000  1.910000  18.765000
49  28.601000  2.626000  20.655000
50  30.609000  5.512000  19.128000
51  28.069000  6.371000  16.320000
52  28.588000  9.627000  14.357000
53  25.062000  10.793000  15.420000
54  25.798000  10.229000  19.175000
55  29.288000  11.893000  18.940000
56  27.837000  14.795000  16.874000
57  24.960000  15.338000  19.377000
58  27.316000  15.046000  22.418000
59  29.372000  17.927000  20.923000
60  26.213000  20.133000  20.469000
61  25.155000  19.450000  24.107000
62  28.663000  20.325000  25.404000
63  28.914000  23.478000  23.182000
64  25.539000  24.607000  24.679000
65  26.825000  23.898000  28.249000
66  30.021000  25.887000  27.376000
67  27.780000  28.809000  26.281000
68  25.844000  28.500000  29.614000
69  29.164000  28.552000  31.641000
70  30.356000  31.668000  29.737000
71  26.984000  33.458000  30.248000
72  26.227000  31.865000  33.676000
73  24.811000  35.258000  34.826000
74  22.504000  35.553000  31.692000
75  21.441000  31.906000  30.994000
76  17.758000  32.736000  29.981000
77  19.011000  34.918000  27.077000
78  22.109000  32.791000  26.235000
79  19.857000  29.645000  25.940000
80  16.758000  31.437000  24.460000
81  16.847000  29.620000  21.055000
82  17.445000  26.254000  22.814000
83  14.495000  26.711000  25.259000
84  12.290000  27.573000  22.195000
85  13.530000  24.389000  20.411000
86  12.876000  22.109000  23.441000
87  9.462000  23.676000  24.308000
88  7.958000  23.969000  20.799000
89  9.667000  21.237000  18.649000
90  11.434000  18.454000  20.634000
91  8.876000  18.423000  23.538000
92  11.103000  16.226000  25.811000
93  9.341000  15.539000  29.168000
94  11.006000  17.663000  31.974000
95  11.825000  14.454000  33.993000
96  14.478000  13.371000  31.396000
97  16.679000  16.478000  32.001000
98  17.403000  15.040000  35.516000
99  18.560000  11.699000  33.987000
100  20.959000  13.494000  31.577000
101  22.139000  15.825000  34.427000
102  23.012000  12.755000  36.567000
103  24.840000  11.033000  33.638000
104  26.799000  14.304000  33.034000
105  27.733000  14.402000  36.784000
106  28.874000  10.721000  36.609000
107  30.963000  11.461000  33.459000
108  32.605000  14.524000  35.103000
109  33.232000  12.478000  38.310000
110  35.014000  9.713000  36.288000
111  37.258000  12.177000  34.305000
112  37.959000  14.871000  37.015000
113  39.477000  12.897000  39.995000
114  41.265000  15.995000  41.445000
115  38.565000  18.647000  40.769000
116  35.332000  16.732000  41.737000
117  35.281000  17.812000  45.462000
118  31.978000  17.740000  47.501000
119  31.624000  21.543000  46.973000
120  32.284000  21.336000  43.163000
121  29.823000  18.364000  42.972000
122  27.172000  20.490000  44.786000
123  27.752000  23.504000  42.449000
124  27.704000  21.298000  39.264000
125  24.412000  19.495000  40.218000
126  22.926000  22.941000  41.002000
127  24.213000  24.383000  37.657000
128  22.723000  21.450000  35.650000
129  19.412000  21.950000  37.549000
130  19.574000  25.689000  36.538000
131  20.337000  24.867000  32.831000
132  17.471000  22.303000  32.937000
133  15.108000  24.956000  34.443000
134  15.988000  27.411000  31.603000
135  15.457000  24.728000  28.882000
136  11.981000  23.786000  30.325000
137  11.006000  27.483000  31.043000
138  8.858000  27.996000  27.869000
139  7.022000  24.568000  27.853000
140  3.565000  26.098000  28.692000
141  15.999000 -7.428000  41.020000
142  16.504000 -8.924000  37.585000
143  20.210000 -8.635000  36.756000
144  21.924000 -10.799000  34.112000
145  24.881000 -13.068000  35.215000
146  27.382000 -10.641000  33.587000
147  25.679000 -7.620000  35.322000
148  25.823000 -9.476000  38.721000
149  29.507000 -10.359000  38.121000
150  30.375000 -6.729000  37.183000
151  28.664000 -5.420000  40.386000
152  30.461000 -7.928000  42.681000
153  33.896000 -7.589000  40.951000
154  33.956000 -3.781000  41.460000
155  32.630000 -4.111000  45.055000
156  35.542000 -6.462000  45.960000
157  37.746000 -3.289000  45.547000
158  35.581000 -0.974000  47.785000
159  36.715000  0.304000  51.182000
160  33.209000  0.159000  52.774000
161  34.001000  2.459000  55.793000
162  35.645000  5.106000  53.463000
163  33.019000  5.058000  50.638000
164  30.286000  5.067000  53.349000
165  31.821000  8.263000  54.810000
166  32.225000  9.957000  51.368000
167  28.697000  8.994000  50.133000
168  26.821000  10.173000  53.285000
169  28.984000  13.343000  53.575000
170  28.263000  14.205000  49.887000
171  24.498000  13.551000  50.458000
172  24.516000  16.120000  53.336000
173  26.565000  18.653000  51.215000
174  24.814000  18.325000  47.786000
175  21.244000  17.978000  49.224000
176  21.405000  19.907000  52.585000
177  17.703000  19.287000  53.484000
178  18.880000  15.667000  54.211000
179  20.687000  17.146000  57.302000
180  17.197000  17.175000  59.053000
181  17.832000  13.669000  60.541000
182  21.363000  14.462000  61.802000
183  21.330000  17.619000  64.037000
184  22.559000  15.392000  66.966000
185  25.849000  14.875000  64.972000
186  27.196000  18.391000  65.855000
187  28.855000  20.633000  63.234000
188  27.479000  20.365000  59.642000
189  27.878000  24.135000  58.825000
190  30.395000  23.776000  55.906000
191  31.388000  20.999000  53.416000
192  34.700000  20.413000  55.288000
193  32.871000  20.215000  58.663000
194  30.404000  17.633000  57.153000
195  33.132000  15.469000  55.490000
196  35.359000  15.575000  58.624000
197  32.488000  14.852000  61.094000
198  33.103000  11.532000  62.999000
199  29.315000  10.793000  63.392000
200  28.733000  11.381000  59.622000
201  31.573000  8.840000  59.053000
202  30.157000  6.395000  61.678000
203  26.585000  6.492000  60.216000
204  28.007000  6.366000  56.646000
205  29.827000  3.051000  57.342000
206  26.705000  1.623000  59.115000
207  24.509000  2.432000  56.067000
208  27.148000  1.220000  53.544000
209  27.782000 -2.055000  55.487000
210  24.033000 -2.896000  55.371000
211  24.141000 -2.033000  51.611000
212  27.215000 -4.354000  51.159000
213  25.421000 -7.271000  52.943000
214  22.451000 -6.585000  50.586000
215  24.694000 -7.348000  47.523000
216  24.864000 -11.008000  48.682000
217  21.006000 -11.005000  48.418000
218  20.233000 -9.294000  45.040000
219  17.549000 -11.993000  44.359000
220  15.776000 -11.142000  47.690000
221  16.397000 -7.411000  48.453000
222  12.751000 -7.101000  49.699000
223  13.106000 -9.855000  52.359000
224  16.643000 -8.668000  53.303000
225  15.545000 -5.024000  53.871000
226  11.985000 -5.674000  55.287000
227  12.705000 -4.888000  58.996000
228  14.879000 -1.872000  58.002000
229  11.977000 -0.594000  55.787000
230  9.583000 -0.861000  58.792000
231  12.130000  0.915000  61.076000
232  12.798000  3.793000  58.606000
233  9.012000  4.331000  58.229000
234  7.637000  3.928000  61.776000
235  10.559000  5.108000  64.011000
236  12.999000  7.224000  61.926000
237  10.374000  9.010000  59.698000
238  12.769000  9.022000  56.688000
239  11.096000  10.056000  53.390000
240  12.093000  7.228000  50.906000
241  13.252000  9.861000  48.322000
242  16.381000  10.129000  50.597000
243  17.296000  6.528000  49.513000
244  17.121000  7.604000  45.804000
245  19.297000  10.688000  46.492000
246  21.859000  8.476000  48.334000
247  21.811000  5.891000  45.475000
248  22.639000  8.625000  42.905000
249  25.409000  10.074000  45.187000
250  26.912000  6.551000  45.664000
251  27.003000  6.138000  41.826000
252  28.899000  9.503000  41.622000
253  31.326000  8.326000  44.417000
254  32.019000  4.995000  42.617000
255  32.601000  6.978000  39.375000
256  34.972000  9.326000  41.331000
257  36.895000  6.344000  42.869000
258  37.171000  4.040000  39.817000
259  37.348000  6.602000  36.939000
260  37.421000  4.806000  33.540000
261  36.793000  1.399000  35.266000
262  33.239000  2.689000  36.049000
263  32.250000  2.096000  32.355000
264  28.681000  2.866000  31.028000
265  27.503000 -0.846000  31.375000
266  28.909000 -1.071000  34.975000
267  27.005000  2.139000  35.829000
268  23.764000  0.702000  34.320000
269  24.116000 -2.451000  36.517000
270  24.752000 -0.302000  39.675000
271  21.723000  1.943000  38.762000
272  19.473000 -1.196000  38.852000
273  21.050000 -2.165000  42.241000
274  20.561000  1.250000  43.976000
275  16.995000  1.533000  42.562000
276  16.363000 -2.077000  43.784000
277  17.667000 -1.223000  47.319000
278  15.695000  2.086000  47.447000
279  12.490000  0.213000  46.398000
280  13.203000 -2.521000  49.034000
281  13.770000  0.084000  51.826000
282  10.520000  1.816000  50.681000
283  8.488000 -1.462000  50.505000
284  6.868000 -1.553000  54.029000
285  5.976000  2.214000  54.168000
286  2.379000  2.808000  55.358000
287  5.689000  31.956000  33.919000
288  2.055000  33.114000  34.425000
289  0.352000  34.991000  31.525000
290 -2.319000  37.733000  32.082000
291 -4.920000  34.993000  31.318000
292 -3.331000  32.615000  33.920000
293 -3.497000  35.343000  36.627000
294 -7.157000  36.055000  35.643000
295 -8.069000  32.312000  35.802000
296 -6.287000  31.842000  39.194000
297 -7.879000  35.002000  40.757000
298 -11.361000  33.912000  39.517000
299 -11.044000  30.288000  40.774000
300 -9.576000  31.373000  44.171000
301 -12.270000  34.107000  44.444000
302 -14.935000  31.347000  44.057000
303 -13.118000  29.229000  46.725000
304 -13.487000  32.311000  48.994000
305 -14.181000  31.501000  52.686000
306 -13.987000  27.673000  52.038000
307 -10.182000  27.961000  51.467000
308 -9.287000  26.521000  54.938000
309 -11.693000  23.534000  54.541000
310 -10.258000  22.676000  51.082000
311 -6.720000  23.130000  52.529000
312 -7.542000  20.379000  55.101000
313 -9.079000  17.999000  52.473000
314 -6.009000  18.424000  50.179000
315 -3.748000  17.279000  53.092000
316 -5.954000  14.211000  53.869000
317 -6.045000  13.285000  50.129000
318 -2.219000  13.535000  50.178000
319 -1.739000  11.437000  53.399000
320 -4.001000  8.603000  52.070000
321 -2.840000  8.710000  48.376000
322  0.883000  9.289000  49.125000
323  1.639000  7.808000  52.634000
324  5.375000  8.774000  52.232000
325  4.238000  12.400000  52.972000
326  3.210000  11.385000  56.570000
327  6.977000  11.227000  57.459000
328  6.908000  15.070000  57.838000
329  4.035000  14.899000  60.446000
330  4.956000  12.209000  63.143000
331  3.730000  14.742000  65.810000
332  0.178000  14.972000  64.306000
333 -2.924000  12.946000  64.734000
334 -3.618000  12.206000  61.010000
335 -7.077000  10.578000  61.593000
336 -10.177000  11.821000  59.702000
337 -11.477000  15.167000  61.037000
338 -8.200000  15.865000  63.023000
339 -8.091000  19.448000  64.364000
340 -4.267000  19.466000  63.791000
341 -4.863000  18.646000  60.066000
342 -7.652000  21.330000  59.885000
343 -5.417000  23.908000  61.665000
344 -2.521000  23.192000  59.228000
345 -4.871000  23.074000  56.175000
346 -6.075000  26.607000  57.018000
347 -2.428000  27.902000  57.249000
348 -1.666000  26.352000  53.804000
349 -4.832000  27.987000  52.356000
350 -4.113000  31.411000  54.008000
351 -0.570000  31.250000  52.463000
352 -2.014000  30.442000  48.977000
353 -4.536000  33.326000  49.401000
354 -1.500000  35.585000  50.038000
355  0.246000  34.099000  46.917000
356 -2.870000  34.900000  44.729000
357 -3.070000  38.501000  46.066000
358  0.724000  38.975000  45.508000
359  0.913000  36.799000  42.305000
360  3.300000  39.385000  40.714000
361  5.647000  39.495000  43.859000
362  5.405000  35.882000  45.194000
363  9.195000  35.597000  46.094000
364  8.917000  38.431000  48.674000
365  5.327000  37.588000  49.826000
366  6.480000  33.953000  50.536000
367  10.094000  34.844000  51.599000
368  9.764000  33.680000  55.257000
369  7.898000  30.461000  54.235000
370  10.740000  29.713000  51.754000
371  13.225000  30.212000  54.662000
372  11.089000  27.986000  56.982000
373  10.877000  25.111000  54.432000
374  14.570000  25.394000  53.353000
375  16.291000  25.760000  56.756000
376  13.923000  24.063000  59.295000
377  11.178000  21.784000  57.891000
378  13.429000  20.461000  55.050000
379  10.548000  18.795000  53.120000
380  12.007000  17.014000  50.031000
381  11.064000  19.024000  46.840000
382  9.245000  15.944000  45.325000
383  6.445000  16.289000  47.960000
384  5.328000  19.767000  46.712000
385  3.980000  18.223000  43.437000
386  2.015000  15.615000  45.507000
387  0.274000  18.323000  47.570000
388 -0.246000  20.409000  44.358000
389 -2.017000  17.413000  42.711000
390 -4.249000  16.745000  45.790000
391 -5.029000  20.513000  45.843000
392 -6.156000  20.379000  42.146000
393 -8.259000  17.241000  42.969000
394 -9.895000  19.105000  45.923000
395 -10.676000  22.117000  43.670000
396 -12.040000  19.790000  40.918000
397 -14.366000  18.081000  43.481000
398 -15.795000  21.478000  44.690000
399 -15.702000  23.648000  41.494000
400 -17.734000  21.655000  38.847000
401 -18.526000  24.758000  36.699000
402 -15.245000  26.654000  37.376000
403 -12.623000  23.845000  36.812000
404 -12.576000  24.114000  32.953000
405 -9.479000  22.720000  31.035000
406 -7.949000  26.255000  30.747000
407 -8.409000  27.032000  34.524000
408 -6.973000  23.545000  35.332000
409 -3.862000  24.449000  33.235000
410 -3.466000  27.926000  34.876000
411 -3.892000  26.487000  38.433000
412 -1.256000  23.733000  37.834000
413  1.153000  26.434000  36.502000
414  0.422000  28.583000  39.616000
415  0.995000  25.680000  42.087000
416  4.248000  24.787000  40.244000
417  5.257000  28.510000  40.597000
418  4.434000  28.521000  44.384000
419  6.391000  25.215000  44.743000
420  9.365000  26.842000  42.901000
421  9.301000  29.844000  45.324000
422  9.014000  27.670000  48.499000
423  12.006000  25.512000  47.317000
424  14.150000  28.448000  45.923000
425  16.441000  28.697000  49.028000
426  17.000000  24.908000  49.718000
427  20.747000  25.058000  48.762000
428 -1.752000 -4.602000  42.209000
429 -2.547000 -5.200000  45.881000
430 -5.780000 -3.441000  46.893000
431 -7.819000 -4.077000  50.055000
432 -11.457000 -5.412000  49.692000
433 -12.844000 -1.887000  50.372000
434 -10.368000 -0.281000  47.882000
435 -11.341000 -2.850000  45.162000
436 -15.096000 -2.324000  45.798000
437 -14.626000  1.507000  45.793000
438 -12.876000  1.320000  42.350000
439 -15.458000 -1.212000  41.022000
440 -18.577000  0.738000  42.132000
441 -17.390000  4.150000  40.814000
442 -16.250000  2.647000  37.450000
443 -19.757000  1.146000  36.911000
444 -20.981000  4.810000  36.553000
445 -18.243000  5.963000  34.101000
446 -19.239000  6.922000  30.551000
447 -15.935000  5.605000  29.067000
448 -16.342000  7.485000  25.719000
449 -16.925000  10.868000  27.468000
450 -14.419000  10.531000  30.388000
451 -11.826000  9.145000  27.907000
452 -12.231000  12.217000  25.641000
453 -12.081000  14.672000  28.611000
454 -9.010000  12.976000  30.219000
455 -7.035000  12.928000  26.914000
456 -8.103000  16.520000  26.027000
457 -6.976000  17.804000  29.479000
458 -3.608000  15.966000  29.110000
459 -2.993000  17.801000  25.780000
460 -4.117000  21.199000  27.302000
461 -2.386000  21.048000  30.756000
462  0.850000  19.360000  29.501000
463  1.100000  20.587000  25.836000
464  4.450000  18.791000  25.170000
465  2.293000  15.568000  25.135000
466  0.876000  16.854000  21.770000
467  4.181000  15.557000  20.162000
468  2.495000  12.133000  19.582000
469 -0.611000  13.640000  17.866000
470  0.387000  16.009000  14.953000
471 -2.033000  14.015000  12.656000
472 -5.030000  14.916000  14.930000
473 -5.638000  18.343000  13.259000
474 -6.134000  21.523000  15.321000
475 -4.750000  21.397000  18.919000
476 -3.856000  25.158000  19.146000
477 -6.442000  26.243000  21.815000
478 -8.241000  24.475000  24.742000
479 -11.570000  24.693000  22.835000
480 -10.025000  23.177000  19.665000
481 -8.419000  20.287000  21.687000
482 -11.627000  19.449000  23.651000
483 -13.852000  19.723000  20.523000
484 -11.429000  17.654000  18.352000
485 -13.164000  14.384000  17.197000
486 -9.820000  12.454000  16.888000
487 -8.907000  13.431000  20.512000
488 -12.356000  12.097000  21.616000
489 -12.004000  8.897000  19.503000
490 -8.474000  8.107000  20.846000
491 -9.478000  9.061000  24.439000
492 -12.242000  6.410000  24.144000
493 -9.764000  3.887000  22.602000
494 -7.338000  4.441000  25.546000
495 -9.978000  4.343000  28.346000
496 -11.590000  1.145000  26.930000
497 -8.216000 -0.670000  27.255000
498 -7.904000  0.853000  30.792000
499 -11.360000 -0.659000  31.702000
500 -10.157000 -4.083000  30.438000
501 -7.308000 -3.641000  33.008000
502 -9.802000 -3.058000  35.914000
503 -11.167000 -6.555000  35.110000
504 -7.529000 -7.787000  35.683000
505 -6.775000 -6.383000  39.081000
506 -3.952000 -8.677000  40.177000
507 -2.017000 -9.251000  36.873000
508 -1.890000 -5.862000  35.041000
509  1.601000 -6.765000  33.566000
510  0.244000 -9.870000  31.742000
511 -2.816000 -7.851000  30.600000
512 -0.808000 -4.860000  29.249000
513  2.323000 -6.752000  27.939000
514  1.400000 -6.443000  24.198000
515  0.444000 -2.738000  24.564000
516  3.656000 -2.044000  26.608000
517  5.726000 -3.527000  23.737000
518  3.697000 -1.514000  21.121000
519  4.140000  1.821000  22.998000
520  7.928000  1.223000  23.241000
521  8.880000 -0.281000  19.849000
522  6.373000  1.412000  17.440000
523  4.929000  4.527000  19.166000
524  8.157000  5.676000  20.998000
525  6.035000  7.009000  23.927000
526  8.006000  8.071000  27.046000
527  6.276000  6.137000  29.937000
528  6.145000  9.337000  32.109000
529  3.139000  10.187000  29.808000
530  1.208000  7.260000  31.434000
531  1.727000  8.893000  34.904000
532  0.617000  12.337000  33.624000
533 -2.558000  10.734000  32.141000
534 -3.148000  8.792000  35.418000
535 -3.095000  12.058000  37.444000
536 -5.316000  13.857000  34.826000
537 -7.860000  10.965000  34.974000
538 -7.954000  11.383000  38.813000
539 -8.682000  15.141000  38.279000
540 -11.509000  14.246000  35.776000
541 -13.085000  11.651000  38.145000
542 -13.013000  14.302000  40.927000
543 -14.491000  16.953000  38.541000
544 -17.329000  14.613000  37.378000
545 -18.232000  12.868000  40.726000
546 -17.621000  15.837000  43.129000
547 -17.990000  14.879000  46.852000
548 -18.437000  11.161000  45.910000
549 -14.720000  11.081000  44.926000
550 -13.800000  10.996000  48.680000
551 -10.119000  10.891000  49.918000
552 -10.177000  7.005000  50.336000
553 -11.664000  6.507000  46.792000
554 -8.894000  8.741000  45.387000
555 -6.224000  6.701000  47.272000
556 -7.589000  3.457000  45.691000
557 -7.559000  5.039000  42.164000
558 -3.979000  6.394000  42.739000
559 -2.754000  2.779000  43.362000
560 -4.642000  1.663000  40.193000
561 -3.282000  4.364000  37.784000
562  0.264000  3.909000  39.208000
563 -0.191000  0.121000  38.618000
564 -1.392000  0.641000  34.984000
565  1.474000  3.105000  34.261000
566  3.900000  0.450000  35.673000
567  2.280000 -2.287000  33.516000
568  2.512000 -0.174000  30.304000
569  6.161000  0.713000  31.202000
570  7.173000 -2.937000  31.933000
571  8.441000 -4.104000  28.449000
572  10.444000 -0.885000  27.732000
573  13.974000 -1.633000  26.471000
574  46.880000  15.454000  14.959000
575  49.518000  14.622000  17.641000
576  48.874000  13.415000  21.177000
577  50.851000  14.530000  24.209000
578  52.401000  11.015000  24.161000
579  53.737000  11.867000  20.724000
580  54.724000  15.486000  21.478000
581  56.750000  14.065000  24.424000
582  58.366000  11.835000  21.811000
583  58.983000  14.885000  19.579000
584  60.545000  17.007000  22.285000
585  62.810000  14.228000  23.624000
586  64.337000  13.697000  20.164000
587  64.688000  17.474000  19.846000
588  66.971000  17.310000  22.901000
589  69.535000  15.429000  20.760000
590  69.378000  18.214000  18.067000
591  69.807000  20.926000  20.731000
592  73.025000  19.389000  22.109000
593  74.675000  20.366000  18.783000
594  72.428000  22.608000  16.704000
595  75.012000  24.006000  14.379000
596  76.053000  20.329000  13.948000
597  72.656000  19.077000  12.972000
598  71.917000  22.234000  10.985000
599  75.038000  21.869000  8.824000
600  74.301000  18.231000  7.842000
601  70.553000  18.919000  7.162000
602  71.422000  21.600000  4.586000
603  74.291000  19.528000  3.007000
604  71.966000  16.526000  2.672000
605  69.261000  18.769000  1.232000
606  71.689000  20.404000 -1.146000
607  73.486000  17.282000 -2.383000
608  70.507000  14.979000 -2.829000
609  68.539000  17.934000 -4.353000
610  70.954000  20.191000 -6.241000
611  68.286000  22.446000 -7.668000
612  67.546000  23.611000 -4.093000
613  71.021000  25.182000 -3.756000
614  70.240000  27.693000 -6.506000
615  67.553000  29.355000 -4.343000
616  70.367000  30.718000 -2.109000
617  72.532000  33.531000 -3.617000
618  74.627000  32.912000 -0.517000
619  75.561000  29.297000 -1.200000
620  75.242000  28.819000 -4.932000
621  79.020000  29.186000 -5.282000
622  79.480000  25.840000 -3.463000
623  80.004000  22.974000 -5.868000
624  81.597000  20.356000 -3.524000
625  80.354000  18.786000 -0.379000
626  83.747000  19.403000  1.088000
627  83.450000  23.044000  0.213000
628  80.057000  22.902000  1.933000
629  81.324000  21.330000  5.130000
630  84.058000  24.012000  5.094000
631  81.474000  26.816000  5.134000
632  80.873000  28.729000  8.377000
633  78.148000  30.699000  6.667000
634  76.381000  27.377000  5.941000
635  76.653000  26.390000  9.613000
636  75.372000  29.754000  10.770000
637  72.310000  29.392000  8.475000
638  72.066000  25.773000  9.861000
639  71.622000  27.236000  13.307000
640  68.956000  29.845000  12.199000
641  66.820000  27.206000  10.413000
642  66.842000  24.796000  13.290000
643  66.482000  27.508000  15.884000
644  63.200000  28.518000  14.157000
645  61.791000  24.972000  13.875000
646  62.621000  24.184000  17.528000
647  60.504000  27.222000  18.360000
648  57.559000  25.890000  16.329000
649  58.018000  22.353000  17.695000
650  57.965000  23.586000  21.345000
651  54.643000  25.076000  20.578000
652  53.010000  21.632000  20.090000
653  50.732000  22.798000  17.230000
654  49.666000  26.230000  18.544000
655  52.112000  27.891000  16.152000
656  50.089000  30.175000  13.905000
657  51.922000  33.070000  15.562000
658  55.413000  31.941000  14.455000
659  54.553000  30.066000  11.244000
660  52.588000  32.961000  9.692000
661  55.841000  35.033000  9.126000
662  57.757000  32.159000  7.560000
663  55.012000  30.908000  5.209000
664  54.925000  34.512000  3.977000
665  58.639000  35.018000  3.422000
666  59.079000  31.522000  2.001000
667  56.188000  32.004000 -0.460000
668  56.401000  35.600000 -1.778000
669  60.116000  36.376000 -1.317000
670  62.318000  33.275000 -1.340000
671  59.770000  31.582000 -3.590000
672  60.303000  28.060000 -2.146000
673  57.921000  25.417000 -3.506000
674  56.128000  23.172000 -0.948000
675  58.123000  20.234000 -2.344000
676  61.400000  21.699000 -1.011000
677  59.877000  21.686000  2.494000
678  59.149000  17.968000  1.835000
679  62.793000  17.443000  1.018000
680  64.213000  19.165000  4.134000
681  61.709000  17.160000  6.184000
682  63.101000  13.960000  4.609000
683  66.496000  15.483000  5.464000
684  65.780000  16.055000  9.124000
685  64.906000  12.287000  9.312000
686  67.958000  10.994000  7.361000
687  70.258000  13.091000  9.543000
688  68.768000  11.822000  12.833000
689  69.357000  8.193000  11.885000
690  72.867000  8.858000  10.613000
691  73.927000  10.807000  13.728000
692  71.811000  8.817000  16.251000
693  72.147000  5.238000  14.890000
694  70.043000  3.145000  17.214000
695  68.512000  5.616000  19.711000
696  65.897000  7.074000  17.315000
697  63.298000  4.353000  17.417000
698  60.196000  3.494000  15.473000
699  57.888000  5.488000  17.874000
700  59.993000  8.693000  17.858000
701  60.384000  8.493000  14.033000
702  56.586000  8.130000  13.812000
703  56.201000  11.163000  16.034000
704  58.928000  13.224000  14.288000
705  57.420000  12.489000  10.899000
706  54.044000  13.653000  12.077000
707  55.028000  17.012000  13.524000
708  57.074000  17.754000  10.360000
709  54.010000  16.856000  8.238000
710  51.883000  19.109000  10.473000
711  54.384000  21.970000  9.964000
712  54.062000  21.396000  6.224000
713  50.254000  21.023000  5.986000
714  50.036000  24.542000  7.665000
715  52.484000  26.217000  5.360000
716  50.528000  24.460000  2.545000
717  47.323000  26.144000  3.812000
718  49.085000  29.552000  3.730000
719  50.598000  28.851000  0.246000
720  47.089000  28.086000 -1.128000
721  45.873000  31.332000  0.385000
722  48.650000  33.417000 -1.179000
723  47.868000  31.334000 -4.273000
724  51.502000  30.179000 -4.625000
725  51.788000  26.915000 -6.620000
726  48.661000  24.848000 -7.254000
