0 126
0 130
0 424
0 427
0 5
1 130
1 5
1 126
1 6
1 72
1 9
1 123
1 127
1 75
2 126
2 6
3 7
4 8
4 123
5 123
5 9
5 122
5 126
6 10
6 72
6 69
6 73
7 11
8 120
8 12
8 13
8 124
8 119
8 123
9 123
9 124
9 13
9 14
9 69
9 72
9 127
9 120
10 69
10 14
10 72
10 70
10 73
11 15
11 115
12 112
12 115
12 16
12 108
12 120
12 124
13 124
13 17
13 69
13 66
13 127
13 20
13 61
13 62
13 65
13 108
13 104
15 112
15 19
15 23
15 115
15 111
15 113
15 114
16 112
16 23
16 20
16 108
17 66
18 22
19 23
19 24
20 24
20 58
20 62
20 63
20 66
21 63
21 55
21 59
21 62
21 25
21 54
21 58
22 26
22 107
22 111
23 107
23 111
23 27
23 104
23 108
23 112
24 58
24 61
24 62
24 104
24 28
24 54
24 100
25 54
25 29
25 55
25 58
26 264
26 30
26 31
26 103
26 107
26 106
26 110
26 111
27 107
27 103
27 31
27 99
27 100
27 104
28 32
28 38
28 54
28 61
28 57
28 58
28 42
28 100
29 54
29 33
29 34
29 264
29 49
29 50
29 47
30 264
30 34
30 35
30 267
30 268
30 103
30 106
30 107
30 255
30 262
30 263
30 110
30 259
30 260
31 103
31 35
31 38
31 99
31 100
31 96
31 42
32 38
32 39
32 36
32 573
32 47
32 42
32 54
32 45
32 57
33 268
33 264
33 265
34 264
34 268
34 271
34 103
34 267
35 39
35 99
35 102
35 103
35 267
35 248
35 271
36 40
36 572
36 573
37 572
37 41
37 526
37 527
37 96
37 99
37 569
38 99
38 96
38 42
38 100
39 47
39 43
39 524
39 573
40 524
40 467
40 468
40 96
40 526
40 527
40 519
40 520
40 525
40 572
41 467
41 90
41 92
41 91
41 468
41 96
41 526
41 93
41 529
42 47
42 57
43 524
44 53
45 53
45 54
45 51
45 57
46 53
46 51
46 54
47 54
48 54
50 54
50 55
51 55
51 56
52 56
53 57
54 58
55 59
56 60
57 61
58 62
59 63
60 64
60 82
61 65
61 100
61 104
62 66
63 67
64 79
64 68
64 82
65 127
65 131
65 69
65 104
65 128
66 70
67 71
67 75
67 78
67 79
68 79
68 75
68 78
68 72
68 127
68 131
69 127
71 75
71 78
72 127
74 78
74 79
75 79
75 134
75 130
75 127
75 131
76 134
76 80
76 83
76 138
79 83
79 84
79 134
79 135
79 131
80 138
80 84
81 85
82 135
82 86
82 87
83 135
83 87
83 88
83 138
83 139
83 134
83 137
84 138
84 88
84 89
85 89
85 90
85 91
86 90
86 139
86 91
86 92
86 97
86 135
87 135
87 139
87 91
87 464
87 136
87 138
88 138
88 139
89 467
89 470
90 467
90 139
91 139
91 464
91 467
91 463
91 470
91 466
92 139
92 97
92 136
92 464
92 96
92 526
92 467
93 467
93 526
93 464
93 97
93 529
93 528
93 465
93 532
94 136
94 98
94 139
94 464
95 99
95 528
95 526
95 531
96 100
96 101
96 526
96 528
97 101
97 132
97 131
97 135
97 136
97 139
98 102
98 132
98 382
99 103
100 104
100 128
101 128
101 105
101 125
101 132
102 106
102 252
102 267
102 251
102 271
102 247
102 248
103 267
103 107
103 271
104 108
104 109
104 128
105 128
105 116
105 109
105 252
105 255
105 121
105 125
105 175
105 120
105 124
106 252
106 251
106 255
106 110
106 262
106 267
106 248
106 271
107 111
107 112
108 112
108 116
108 124
108 128
109 116
109 256
109 255
109 259
109 252
110 255
110 259
110 262
111 115
112 116
112 256
112 124
113 256
115 120
116 120
116 121
116 256
116 170
116 124
116 252
117 170
117 121
118 170
118 174
118 122
118 173
118 191
118 195
118 166
119 191
119 123
120 124
121 125
121 126
121 174
121 170
121 249
121 252
121 253
121 175
121 248
122 174
122 427
122 126
122 173
123 127
124 128
124 129
125 129
125 174
125 427
125 175
126 427
126 130
127 131
127 132
128 132
129 133
129 427
130 134
131 135
132 136
133 137
134 138
135 139
137 287
139 463
139 464
140 463
140 287
140 413
140 460
140 461
140 464
140 462
140 409
140 412
140 416
141 218
141 219
141 221
141 272
141 276
141 273
142 147
142 272
143 147
143 272
143 148
143 151
143 218
143 269
143 273
143 268
144 148
144 272
145 149
146 150
147 269
147 151
147 265
147 268
147 272
148 218
148 152
148 153
148 219
149 153
150 154
150 155
150 266
150 270
150 269
151 269
151 270
151 155
151 215
151 218
151 273
151 266
152 156
152 215
152 218
153 157
153 261
154 261
154 158
154 258
154 266
154 270
154 262
154 254
155 270
155 160
155 215
155 212
155 208
155 211
155 250
155 254
155 163
157 258
157 261
158 163
158 208
158 254
158 258
158 270
159 163
159 164
159 208
160 208
160 164
160 204
160 205
160 212
161 205
161 165
161 201
162 166
162 257
163 253
163 257
163 167
163 250
163 208
163 254
164 208
164 204
164 168
164 169
164 200
165 205
165 200
165 201
165 169
165 195
166 195
166 170
166 249
166 253
166 257
166 256
167 253
167 249
167 171
167 246
167 208
167 250
168 172
168 194
168 200
168 204
168 182
168 203
168 207
168 246
168 185
168 199
169 200
169 194
169 195
169 173
170 195
170 174
170 175
170 249
170 253
170 256
171 249
171 175
171 178
171 246
171 242
171 245
171 182
172 178
172 179
172 176
172 194
172 188
172 200
172 182
172 185
173 194
173 179
173 427
173 191
173 190
173 195
174 427
174 249
175 427
175 179
175 245
175 249
175 248
176 374
176 378
176 426
176 427
177 426
177 374
177 378
177 181
177 373
177 379
177 242
177 380
177 245
177 381
177 427
178 242
178 182
178 245
178 380
179 378
179 183
179 188
179 194
180 378
180 376
180 377
180 242
180 328
180 237
180 327
180 379
181 185
181 242
181 236
181 237
181 238
181 239
181 328
182 186
182 188
182 200
182 203
183 378
184 199
185 199
185 197
185 200
185 203
187 197
187 193
187 194
187 200
188 194
188 193
188 197
188 200
189 193
190 194
191 195
191 196
192 196
193 197
193 200
194 200
194 201
195 200
195 201
196 201
197 201
197 202
198 202
199 203
199 204
200 204
201 205
201 206
202 206
203 207
203 208
204 208
205 209
206 210
207 211
207 246
208 212
208 250
209 213
210 214
210 224
210 225
210 228
211 225
211 277
211 215
211 273
211 274
211 270
211 250
212 216
213 217
213 224
214 221
214 224
214 225
214 277
214 218
215 270
215 273
215 277
217 221
217 224
218 273
218 277
220 224
220 225
221 225
221 276
221 280
221 272
221 273
221 277
222 280
222 283
222 226
222 279
223 227
224 228
225 229
225 280
225 281
225 277
226 284
226 230
226 280
227 231
228 232
228 281
228 285
229 281
229 285
229 233
229 284
229 280
229 283
230 284
230 234
230 235
231 235
231 236
231 237
232 236
232 238
232 285
232 237
232 327
232 243
232 281
233 285
233 327
233 237
233 284
233 286
234 284
234 286
237 285
237 327
237 330
237 326
238 285
238 242
238 243
238 327
239 327
239 285
239 324
239 243
239 328
239 380
239 382
239 383
240 244
240 278
240 282
240 281
240 285
240 324
240 327
241 380
241 245
241 246
241 382
241 383
242 246
242 380
242 328
243 278
243 247
243 274
243 277
243 281
243 282
243 285
244 248
244 278
244 279
245 249
245 380
246 250
247 274
247 251
247 271
248 271
248 252
248 274
249 253
250 254
250 255
250 262
250 274
250 270
251 274
251 262
251 255
251 267
251 270
251 271
252 256
253 257
253 258
254 258
254 259
254 262
254 270
255 259
255 262
258 262
261 266
262 266
262 267
262 270
263 267
263 268
264 268
265 269
266 270
267 271
268 272
269 273
270 274
270 275
271 275
271 276
272 276
273 277
274 278
275 279
276 280
277 281
277 282
278 282
279 283
280 284
281 285
285 323
285 324
285 327
286 323
286 319
286 326
287 413
287 417
287 292
288 417
288 292
288 413
288 293
288 359
288 296
288 362
288 414
288 410
289 413
289 293
289 410
290 294
291 295
291 296
291 410
292 410
292 296
292 409
292 413
293 359
293 297
293 360
294 298
295 407
295 299
295 300
295 411
295 406
295 410
296 410
296 411
296 300
296 301
296 356
296 359
296 414
296 407
297 356
297 301
297 359
297 357
297 360
298 302
299 399
299 402
299 303
299 395
299 407
299 411
300 411
300 304
300 356
300 353
300 414
300 307
300 348
300 349
300 352
300 391
300 395
302 399
302 306
302 310
302 402
302 398
303 399
303 310
303 307
303 395
304 353
305 309
306 310
306 311
307 311
307 345
307 346
307 349
307 353
308 345
308 346
308 350
308 312
308 342
309 313
309 394
309 398
310 394
310 398
310 314
310 391
310 395
310 399
311 345
311 348
311 349
311 391
311 315
311 341
311 387
312 341
312 316
312 342
313 551
313 317
313 318
313 390
313 394
313 398
313 393
313 397
314 394
314 390
314 318
314 386
314 387
314 391
315 319
315 325
315 341
315 348
315 344
315 345
315 329
315 387
316 341
316 320
316 321
316 551
316 334
316 335
316 336
316 337
316 552
317 551
317 554
317 321
317 322
317 555
317 390
317 393
317 394
317 542
317 549
317 550
317 397
317 546
317 547
318 390
318 322
318 325
318 386
318 387
318 383
318 329
319 325
319 326
319 323
319 334
319 329
319 341
319 332
319 344
320 555
320 559
320 551
320 552
320 326
321 551
321 555
321 558
321 390
321 554
322 326
322 386
322 389
322 390
322 554
322 535
322 558
323 327
324 328
324 383
324 386
325 386
325 383
325 329
326 334
328 379
328 377
328 378
328 383
328 380
329 334
329 344
331 340
332 340
332 341
332 338
332 344
333 340
333 338
333 341
334 341
335 341
337 342
338 342
339 343
340 344
340 345
341 345
342 346
343 347
344 348
345 349
346 350
347 351
347 369
348 352
348 387
348 391
349 353
350 354
351 366
351 355
351 369
352 414
352 356
352 391
352 415
352 418
353 357
353 358
354 358
354 365
354 366
355 366
355 362
355 365
355 359
355 414
355 418
356 414
358 362
358 365
359 414
361 365
361 366
362 366
362 370
362 421
362 414
362 418
362 417
363 421
363 370
363 367
363 425
366 370
366 421
366 422
366 418
367 425
367 371
368 372
369 373
369 374
369 422
370 422
370 374
370 375
370 425
370 426
370 424
370 421
371 425
371 375
371 376
372 376
372 377
372 378
373 377
373 379
373 426
373 378
373 384
373 422
374 422
374 426
374 378
374 423
374 425
375 425
375 426
378 426
379 426
379 384
379 423
379 383
380 426
380 384
381 423
381 385
381 426
382 386
383 387
383 388
384 388
384 419
384 418
384 422
384 423
384 426
385 389
385 535
385 528
386 390
387 391
387 415
388 415
388 392
388 412
388 419
389 393
389 539
389 554
389 462
389 535
389 538
389 558
390 554
390 394
390 558
391 395
391 396
391 415
392 415
392 403
392 396
392 539
392 542
392 408
392 412
392 462
392 407
392 411
393 539
393 538
393 542
393 397
393 549
393 554
393 535
393 558
394 398
394 399
395 399
395 403
395 411
395 415
396 403
396 543
396 542
396 546
396 539
397 542
397 543
397 546
397 549
398 402
398 547
399 403
399 543
399 411
400 543
402 407
403 407
403 408
403 543
403 457
403 411
403 539
404 457
404 408
404 409
405 457
405 409
405 460
405 461
405 478
405 482
405 453
406 478
406 410
407 411
408 412
408 461
408 457
408 536
408 539
408 540
408 462
409 461
409 413
409 460
410 414
411 415
411 416
412 416
412 461
412 462
413 417
413 461
414 418
415 419
416 420
417 421
418 422
419 423
420 424
421 425
422 426
428 505
428 506
428 508
428 559
428 560
428 563
429 434
429 559
430 434
430 559
430 435
430 438
430 505
430 556
430 560
430 555
431 435
431 559
432 436
433 437
433 556
434 556
434 438
434 439
434 552
434 555
434 559
435 505
435 439
435 502
435 503
435 506
436 440
436 441
437 553
437 441
437 442
437 557
437 552
437 556
438 556
438 557
438 442
438 502
438 505
438 560
438 553
439 443
439 505
440 444
441 445
441 545
441 553
441 557
441 548
441 549
441 541
442 557
442 447
442 502
442 499
442 495
442 498
442 537
442 541
442 450
444 544
444 545
444 548
445 450
445 495
445 541
445 545
445 557
446 450
446 544
446 451
446 495
447 495
447 451
447 491
447 492
447 499
447 496
448 488
448 492
448 452
449 453
449 454
449 544
450 540
450 454
450 537
450 495
450 541
450 544
450 545
451 495
451 491
451 455
451 456
451 487
452 487
452 488
452 456
452 482
453 482
453 457
453 536
453 540
453 543
454 540
454 536
454 458
454 533
454 495
454 537
455 459
455 481
455 487
455 491
455 469
455 490
455 494
455 533
455 472
455 486
456 487
456 481
456 482
456 460
457 482
457 461
457 462
457 536
457 540
457 539
457 543
458 536
458 462
458 465
458 533
458 529
458 532
458 469
459 465
459 466
459 463
459 481
459 475
459 469
459 472
459 487
460 481
460 466
460 478
460 477
460 482
461 536
462 466
462 532
462 536
462 535
464 468
464 529
464 532
465 529
465 469
465 532
466 470
466 475
466 481
467 529
467 524
468 472
468 523
468 525
468 529
468 524
468 526
469 473
469 475
469 490
470 475
471 486
472 486
472 484
472 487
472 490
474 484
474 480
474 481
474 487
475 481
475 480
475 484
475 487
476 480
477 481
478 482
478 483
479 483
480 484
480 487
481 487
481 488
482 487
482 488
483 488
484 488
484 489
485 489
486 490
486 491
487 491
488 492
489 493
490 494
491 495
492 496
493 497
494 498
494 533
495 499
495 537
496 500
497 501
497 511
497 512
497 515
498 512
498 564
498 502
498 560
498 561
498 557
498 537
499 503
500 504
500 511
501 508
501 511
501 512
501 564
501 505
502 508
502 557
502 560
502 564
504 508
504 511
505 560
505 564
507 511
507 512
508 512
508 563
508 567
508 564
508 559
508 560
509 567
509 513
509 570
509 566
510 514
511 515
512 516
512 567
512 568
512 571
512 564
513 571
513 517
513 518
514 518
515 519
515 568
515 572
516 568
516 572
516 520
516 571
516 567
516 570
517 571
517 521
517 522
518 522
518 523
518 524
519 523
519 525
519 572
519 524
519 530
519 568
520 572
520 524
520 571
520 573
521 571
521 573
524 572
525 572
525 529
525 530
526 572
526 530
527 531
527 565
527 569
527 572
528 532
529 533
529 534
530 565
530 534
530 561
530 564
530 568
530 569
530 572
531 561
531 535
531 536
531 565
531 566
532 536
533 537
534 561
534 538
534 558
535 558
535 539
535 561
536 540
537 541
537 549
537 561
537 557
538 561
538 549
538 557
538 542
538 554
538 558
539 543
540 544
540 545
541 545
541 546
541 549
541 557
542 546
542 549
545 549
548 553
549 553
549 554
549 557
550 554
550 555
551 555
552 556
553 557
554 558
555 559
556 560
557 561
557 562
558 562
559 563
560 564
561 565
562 566
563 567
564 568
564 569
565 569
566 570
567 571
568 572
575 711
575 580
575 707
576 711
576 580
576 707
576 581
576 653
576 704
576 708
576 584
577 581
578 653
578 582
579 583
580 704
580 584
580 707
580 703
581 653
581 585
581 711
581 650
581 708
581 649
582 586
583 587
583 588
583 701
583 705
583 704
583 700
584 704
584 701
584 705
584 588
584 650
584 708
585 589
585 651
585 650
585 653
585 647
586 590
587 591
587 689
587 693
587 705
587 697
587 701
588 705
588 651
588 592
588 650
588 595
588 647
588 643
588 644
588 685
588 646
589 593
590 693
590 594
590 598
590 689
590 696
590 697
591 689
591 598
591 595
591 643
591 693
591 705
592 651
592 647
594 598
594 692
595 643
595 599
595 636
595 640
595 644
596 640
596 636
596 600
596 639
597 601
597 602
597 688
597 692
598 688
598 692
598 602
598 643
598 689
598 693
599 643
599 636
599 639
599 603
599 635
600 636
600 635
600 604
600 605
600 629
600 632
600 630
601 605
601 688
601 692
601 630
601 691
602 688
602 684
602 681
602 606
602 643
602 685
603 635
603 607
603 629
603 639
603 638
603 642
603 681
603 617
603 620
604 635
604 629
604 608
604 609
604 626
604 630
605 609
605 610
605 684
605 688
605 687
605 683
606 684
606 610
606 680
606 613
606 681
606 677
606 617
607 613
607 614
607 629
607 611
607 617
607 620
607 623
607 635
608 629
608 626
610 614
610 680
610 683
611 615
612 616
612 677
612 680
613 677
613 617
613 680
614 620
614 621
614 623
614 629
614 624
615 621
616 671
616 673
616 677
616 672
616 674
617 621
617 673
617 638
618 622
619 634
619 623
619 638
620 629
620 632
620 634
620 635
620 638
622 628
622 632
623 628
623 629
623 632
623 635
624 628
624 629
625 629
626 630
627 631
628 632
629 635
632 636
632 637
633 637
634 638
635 639
636 640
637 641
638 642
638 643
639 643
639 644
640 644
641 645
642 646
642 681
643 647
643 681
643 685
644 648
645 649
645 663
646 712
646 650
646 709
646 685
647 651
648 652
648 659
649 659
649 656
649 653
649 654
649 655
649 660
649 712
649 663
650 705
650 709
650 708
650 712
652 656
652 659
653 711
654 711
654 715
655 659
656 660
656 661
656 711
656 712
656 715
656 719
657 719
657 661
657 662
658 662
659 663
660 664
660 716
660 719
660 711
660 712
660 715
661 719
661 665
661 666
662 666
662 667
663 667
663 720
663 716
663 712
664 716
664 720
664 668
664 669
664 723
664 715
664 719
665 669
665 723
665 670
666 670
666 671
666 672
667 671
667 673
667 720
667 672
667 725
667 678
667 716
668 720
668 673
668 725
668 672
668 719
668 723
669 723
672 725
672 677
673 725
673 677
673 678
673 720
673 726
674 720
674 725
674 726
674 678
675 720
675 726
675 679
675 713
675 717
675 716
676 726
676 680
677 681
678 682
678 713
678 716
678 720
678 712
679 713
679 683
680 684
681 685
681 709
682 709
682 686
682 712
682 713
683 687
683 713
684 688
685 689
685 697
685 709
685 705
686 709
686 697
686 690
686 702
686 706
686 705
687 691
687 692
688 692
688 693
689 693
689 697
689 705
690 697
690 694
690 695
690 698
690 702
693 697
696 701
697 701
697 702
697 705
698 702
699 703
700 704
701 705
702 706
703 707
704 708
705 709
706 710
706 713
707 711
708 712
709 713
710 714
711 715
711 716
712 716
713 717
714 718
715 719
716 720
717 721
718 722
719 723
720 725
720 724
720 726
721 725
