7 50 0.86
8 48 0.86
8 49 0.86
8 50 0.86
9 46 0.86
9 47 0.86
9 48 0.86
10 45 0.86
10 46 0.86
10 48 0.86
11 44 0.86
11 45 0.86
11 46 0.86
12 42 0.86
12 44 0.86
12 45 0.86
13 42 0.86
13 43 0.86
13 44 0.86
14 42 0.86
14 43 0.86
15 41 0.86
15 42 0.86
15 43 0.86
15 44 0.86
17 39 0.86
17 40 0.86
17 41 0.86
17 42 0.86
17 43 0.86
18 40 0.86
18 41 0.86
19 41 0.86
20 24 0.86
20 39 0.86
20 40 0.86
20 41 0.86
22 39 0.86
23 38 0.86
23 39 0.86
23 40 0.86
23 41 0.86
24 37 0.86
24 38 0.86
24 39 0.86
25 36 0.86
25 37 0.86
25 38 0.86
26 35 0.86
26 36 0.86
26 37 0.86
26 39 0.86
27 34 0.86
27 35 0.86
27 36 0.86
28 33 0.86
28 34 0.86
28 35 0.86
28 37 0.86
29 33 0.86
29 34 0.86
30 35 0.86
32 49 0.86
32 50 0.86
32 51 0.86
33 48 0.86
33 49 0.86
33 50 0.86
34 47 0.86
34 48 0.86
34 49 0.86
34 50 0.86
34 51 0.86
35 46 0.86
35 47 0.86
35 48 0.86
36 45 0.86
36 46 0.86
36 47 0.86
36 49 0.86
37 44 0.86
37 45 0.86
37 46 0.86
38 43 0.86
38 44 0.86
38 45 0.86
38 47 0.86
39 43 0.86
39 44 0.86
40 45 0.86
100 143 0.86
101 141 0.86
101 142 0.86
101 143 0.86
102 139 0.86
102 140 0.86
102 141 0.86
103 138 0.86
103 139 0.86
103 141 0.86
104 137 0.86
104 138 0.86
104 139 0.86
105 135 0.86
105 137 0.86
105 138 0.86
106 135 0.86
106 136 0.86
106 137 0.86
107 135 0.86
107 136 0.86
108 134 0.86
108 135 0.86
108 136 0.86
108 137 0.86
110 132 0.86
110 133 0.86
110 134 0.86
110 135 0.86
110 136 0.86
111 133 0.86
111 134 0.86
112 134 0.86
113 117 0.86
113 132 0.86
113 133 0.86
113 134 0.86
115 132 0.86
116 131 0.86
116 132 0.86
116 133 0.86
116 134 0.86
117 130 0.86
117 131 0.86
117 132 0.86
118 129 0.86
118 130 0.86
118 131 0.86
119 128 0.86
119 129 0.86
119 130 0.86
119 132 0.86
120 127 0.86
120 128 0.86
120 129 0.86
121 126 0.86
121 127 0.86
121 128 0.86
121 130 0.86
122 126 0.86
122 127 0.86
123 128 0.86
125 142 0.86
125 143 0.86
125 144 0.86
126 141 0.86
126 142 0.86
126 143 0.86
127 140 0.86
127 141 0.86
127 142 0.86
127 143 0.86
127 144 0.86
128 139 0.86
128 140 0.86
128 141 0.86
129 138 0.86
129 139 0.86
129 140 0.86
129 142 0.86
130 137 0.86
130 138 0.86
130 139 0.86
131 136 0.86
131 137 0.86
131 138 0.86
131 140 0.86
132 136 0.86
132 137 0.86
133 138 0.86
7 107 0.86
7 108 0.86
7 109 0.86
8 108 0.86
9 106 0.86
9 107 0.86
9 108 0.86
9 137 0.86
10 106 0.86
11 104 0.86
11 105 0.86
11 106 0.86
11 139 0.86
12 104 0.86
13 102 0.86
13 103 0.86
13 104 0.86
13 139 0.86
13 140 0.86
13 141 0.86
14 100 0.86
14 102 0.86
15 100 0.86
15 101 0.86
15 102 0.86
15 126 0.86
15 141 0.86
15 143 0.86
16 100 0.86
16 126 0.86
16 143 0.86
16 144 0.86
17 123 0.86
17 125 0.86
17 126 0.86
17 143 0.86
17 144 0.86
18 123 0.86
18 124 0.86
18 125 0.86
18 126 0.86
18 144 0.86
20 123 0.86
24 123 0.86
26 121 0.86
26 122 0.86
26 123 0.86
27 121 0.86
28 119 0.86
28 120 0.86
28 121 0.86
28 130 0.86
28 132 0.86
29 119 0.86
30 110 0.86
30 111 0.86
30 113 0.86
30 117 0.86
30 119 0.86
30 132 0.86
31 110 0.86
31 111 0.86
32 110 0.86
32 111 0.86
33 108 0.86
33 110 0.86
33 132 0.86
33 136 0.86
33 137 0.86
34 137 0.86
35 130 0.86
35 132 0.86
35 137 0.86
36 137 0.86
37 121 0.86
37 128 0.86
37 129 0.86
37 130 0.86
37 139 0.86
39 121 0.86
39 123 0.86
39 126 0.86
39 128 0.86
40 126 0.86
43 126 0.86
44 102 0.86
44 126 0.86
44 127 0.86
44 128 0.86
44 129 0.86
44 139 0.86
44 140 0.86
44 141 0.86
46 106 0.86
46 130 0.86
46 137 0.86
46 139 0.86
47 106 0.86
47 137 0.86
48 106 0.86
48 108 0.86
48 137 0.86
50 108 0.86
50 109 0.86
50 110 0.86
51 109 0.86
51 110 0.86
51 111 0.86
