7 107 0.80
7 108 0.80
7 109 0.80
8 108 0.80
9 106 0.80
9 107 0.80
9 108 0.80
9 137 0.80
10 106 0.80
11 104 0.80
11 105 0.80
11 106 0.80
11 139 0.80
12 104 0.80
13 102 0.80
13 103 0.80
13 104 0.80
13 139 0.80
13 140 0.80
13 141 0.80
14 100 0.80
14 102 0.80
15 100 0.80
15 101 0.80
15 102 0.80
15 126 0.80
15 141 0.80
15 143 0.80
16 100 0.80
16 126 0.80
16 143 0.80
16 144 0.80
17 123 0.80
17 125 0.80
17 126 0.80
17 143 0.80
17 144 0.80
18 123 0.80
18 124 0.80
18 125 0.80
18 126 0.80
18 144 0.80
20 123 0.80
24 123 0.80
26 121 0.80
26 122 0.80
26 123 0.80
27 121 0.80
28 119 0.80
28 120 0.80
28 121 0.80
28 130 0.80
28 132 0.80
29 119 0.80
30 110 0.80
30 111 0.80
30 113 0.80
30 117 0.80
30 119 0.80
30 132 0.80
31 110 0.80
31 111 0.80
32 110 0.80
32 111 0.80
33 108 0.80
33 110 0.80
33 132 0.80
33 136 0.80
33 137 0.80
34 137 0.80
35 130 0.80
35 132 0.80
35 137 0.80
36 137 0.80
37 121 0.80
37 128 0.80
37 129 0.80
37 130 0.80
37 139 0.80
39 121 0.80
39 123 0.80
39 126 0.80
39 128 0.80
40 126 0.80
43 126 0.80
44 102 0.80
44 126 0.80
44 127 0.80
44 128 0.80
44 129 0.80
44 139 0.80
44 140 0.80
44 141 0.80
46 106 0.80
46 130 0.80
46 137 0.80
46 139 0.80
47 106 0.80
47 137 0.80
48 106 0.80
48 108 0.80
48 137 0.80
50 108 0.80
50 109 0.80
50 110 0.80
51 109 0.80
51 110 0.80
51 111 0.80
