0 -11.647 -4.493 20.503
1 -13.142 -1.331 21.792
2 -12.026 2.248 21.787
3 -11.351 4.055 24.976
4 -12.201 7.623 25.989
5 -9.061 9.014 24.484
6 -8.038 7.489 21.198
7 -4.999 8.789 19.327
8 -2.402 8.235 16.566
9 -0.752 4.990 17.248
10 2.594 4.039 15.729
11 4.389 0.716 15.907
12 7.848 -0.400 14.869
13 8.033 -3.940 13.658
14 11.046 -6.119 13.371
15 12.061 -7.501 9.974
16 15.226 -8.604 8.248
17 15.972 -5.476 6.425
18 18.881 -3.892 4.798
19 19.811 -0.315 5.833
20 18.066 2.593 4.292
21 20.129 5.668 3.438
22 17.344 8.141 4.008
23 14.324 7.808 6.209
24 11.471 7.348 3.854
25 7.987 8.433 4.656
26 4.967 7.307 2.778
27 1.581 8.685 3.163
28 -1.650 7.031 2.158
29 -5.082 8.467 2.519
30 -8.130 6.255 2.711
31 -11.479 7.874 3.445
32 -10.256 9.937 6.360
33 -7.405 7.800 7.469
34 -3.781 8.755 7.199
35 -1.450 5.844 7.045
36 2.213 6.707 7.338
37 5.086 4.421 6.781
38 8.527 5.266 8.011
39 11.145 3.144 6.447
40 13.984 2.581 8.856
41 17.108 0.373 8.921
42 15.487 -1.857 11.575
43 12.372 -2.594 9.659
44 8.982 -1.132 9.143
45 7.684 1.655 11.332
46 4.033 2.375 10.859
47 1.997 5.372 11.954
48 -1.676 5.969 11.870
49 -3.161 9.417 11.880
50 -6.896 8.805 11.614
51 -9.550 11.438 11.058
52 -7.976 14.418 12.885
53 -9.511 17.437 11.177
54 -13.156 16.916 10.436
55 -15.623 19.669 11.092
56 -17.450 17.674 13.679
57 -19.466 18.218 16.825
58 -16.964 19.029 19.543
59 -18.470 17.545 22.697
60 -20.664 14.477 22.730
61 -20.490 11.541 25.026
62 -21.039 8.003 23.872
63 -19.298 4.933 25.198
64 -17.156 2.491 23.181
65 -18.069 2.804 19.503
66 -16.418 3.638 16.190
67 -16.737 7.058 14.694
68 -20.128 7.545 13.103
69 -22.693 9.996 14.298
70 -24.724 8.896 17.282
71 -27.779 10.656 18.730
72 -27.059 13.575 20.965
73 -28.438 13.543 24.536
74 -26.554 16.764 25.514
75 -28.492 19.914 24.719
76 -26.195 21.949 22.559
77 -26.311 24.055 19.463
78 -24.876 21.937 16.677
79 -25.342 21.290 12.981
80 -28.326 19.661 11.347
81 -28.810 16.317 12.966
82 -30.950 13.754 11.222
83 -34.381 14.669 12.407
84 -37.345 12.970 10.903
85 -40.634 14.786 10.672
86 -43.841 13.351 9.293
87 -45.948 15.206 6.721
88 -48.674 15.556 9.305
89 -47.287 16.903 12.491
90 -49.503 17.365 15.495
91 -48.584 18.442 18.988
92 -48.837 16.192 21.994
93 -6.816 -24.394 9.435
94 -4.751 -23.813 12.548
95 -3.054 -20.650 13.609
96 -0.283 -18.581 12.060
97 3.336 -19.547 12.398
98 5.934 -16.864 12.897
99 7.690 -15.542 9.894
100 10.454 -12.939 9.540
101 7.647 -10.694 8.242
102 5.799 -9.047 10.964
103 2.303 -7.600 10.703
104 0.703 -5.280 13.227
105 -2.783 -3.972 13.830
106 -3.321 -0.785 15.664
107 -6.735 0.231 16.752
108 -7.531 3.955 16.654
109 -10.436 6.373 16.163
110 -11.811 4.749 13.161
111 -14.624 4.972 10.788
112 -16.201 1.835 9.321
113 -15.389 0.727 5.841
114 -17.240 -1.939 3.857
115 -14.283 -3.812 2.460
116 -10.642 -4.060 3.342
117 -8.293 -1.944 1.346
118 -4.867 -3.159 0.468
119 -2.105 -0.717 -0.258
120 1.243 -1.689 -1.463
121 4.426 0.308 -1.167
122 7.694 -0.837 -2.564
123 10.888 0.436 -1.059
124 14.127 -0.966 -2.418
125 13.431 -4.575 -1.628
126 10.850 -4.026 1.013
127 7.180 -4.478 0.516
128 4.982 -2.609 2.912
129 1.342 -3.607 2.763
130 -1.348 -1.616 4.414
131 -4.692 -3.176 5.127
132 -7.321 -0.643 5.932
133 -9.770 -1.972 8.429
134 -12.763 -0.537 10.292
135 -10.777 -0.950 13.522
136 -7.645 0.693 12.310
137 -4.447 0.175 10.532
138 -3.113 -3.248 9.842
139 0.298 -3.298 8.290
140 2.369 -6.120 6.917
141 6.001 -6.135 6.071
142 7.420 -8.412 3.400
143 11.147 -7.695 3.042
144 13.501 -9.154 0.441
145 11.275 -12.219 -0.109
146 11.624 -12.224 -3.859
147 14.484 -10.212 -5.286
148 16.926 -11.029 -8.066
149 20.255 -11.655 -6.535
150 23.483 -9.773 -6.816
151 26.630 -10.992 -5.124
152 25.686 -11.796 -1.546
153 27.000 -14.339 0.859
154 25.254 -16.127 3.656
155 26.321 -15.982 7.274
156 30.050 -16.492 7.195
157 30.912 -19.801 8.706
158 34.587 -20.542 9.138
159 36.584 -22.831 11.350
160 39.569 -25.121 11.559
161 39.755 -28.253 9.492
162 40.321 -31.625 11.043
163 43.011 -33.797 9.587
164 42.797 -37.431 10.645
165 40.406 -40.036 9.498
166 37.394 -40.436 11.805
167 35.078 -41.840 9.080
168 35.422 -44.938 6.943
169 36.200 -44.117 3.346
170 33.537 -44.608 0.735
171 36.003 -46.339 -1.614
172 34.007 -49.405 -2.554
173 31.430 -50.622 -5.005
174 27.942 -51.470 -3.850
175 27.465 -54.997 -4.986
176 24.097 -56.658 -4.969
177 22.177 -58.911 -7.282
178 18.873 -57.511 -8.291
179 16.229 -58.995 -10.483
180 13.516 -56.797 -11.936
181 10.744 -58.415 -9.914
182 10.199 -59.080 -6.200
183 9.853 -62.573 -4.803
184 6.472 -63.453 -6.190
185 4.906 -66.752 -5.447
