0 -12.770 6.697 -27.692
1 -9.905 8.830 -26.441
2 -9.153 11.379 -23.745
3 -7.234 12.069 -20.557
4 -7.089 9.763 -17.559
5 -7.284 6.446 -19.373
6 -6.338 4.466 -16.289
7 -6.537 6.852 -13.357
8 -4.783 6.541 -10.017
9 -7.149 4.619 -7.773
10 -9.067 2.425 -10.187
11 -12.435 2.134 -11.891
12 -14.839 -0.121 -10.031
13 -14.609 -2.393 -7.012
14 -13.180 -5.748 -8.026
15 -15.005 -7.552 -10.809
16 -11.627 -8.843 -11.927
17 -10.133 -11.554 -9.750
18 -6.521 -11.098 -10.787
19 -3.994 -13.753 -9.745
20 -1.443 -12.747 -7.136
21 1.082 -14.022 -9.651
22 -0.055 -11.178 -11.874
23 0.016 -8.771 -8.954
24 3.092 -7.112 -7.501
25 2.253 -4.966 -4.498
26 -0.917 -3.826 -2.773
27 -2.133 -0.812 -0.833
28 -4.978 -0.733 1.662
29 -6.411 2.533 2.929
30 -8.370 3.273 6.082
31 -9.841 6.620 5.106
32 -13.108 7.136 3.266
33 -11.352 5.055 0.636
34 -11.003 1.976 2.809
35 -10.279 0.012 -0.345
36 -7.637 -2.513 -1.331
37 -5.372 -1.338 -4.126
38 -3.633 -4.040 -6.127
39 -0.639 -3.078 -8.233
40 0.524 -5.393 -10.992
41 3.986 -5.859 -12.451
42 2.504 -4.098 -15.456
43 1.878 -0.973 -13.415
44 -1.878 -1.411 -13.571
45 -3.368 -0.643 -10.177
46 -6.906 -1.637 -9.270
47 -9.079 -1.238 -6.196
48 -11.160 -3.902 -4.494
49 -13.468 -4.241 -1.513
50 -11.809 -5.737 1.574
51 -15.186 -7.283 2.304
52 -14.278 -10.090 -0.067
53 -12.657 -13.134 1.492
54 -10.971 -14.027 -1.777
55 -9.423 -10.576 -1.639
56 -8.292 -11.011 1.946
57 -6.854 -14.365 0.941
58 -4.990 -12.855 -1.986
59 -3.890 -9.987 0.226
60 -2.307 -12.518 2.553
61 -0.236 -13.901 -0.297
62 0.403 -10.499 -1.829
63 2.381 -9.723 1.303
64 4.570 -12.730 0.601
65 4.709 -11.820 -3.070
66 5.932 -8.364 -2.128
67 7.335 -9.178 1.292
68 10.876 -8.195 0.389
69 10.149 -5.810 -2.459
70 7.088 -3.745 -1.624
71 9.133 -1.370 0.498
72 11.281 -3.075 3.107
73 12.898 0.236 3.972
74 12.226 3.438 5.875
75 14.293 6.506 5.074
76 15.522 8.551 8.013
77 14.083 12.078 7.948
78 15.496 15.019 9.867
79 14.086 16.589 13.009
80 15.612 19.104 15.391
81 17.273 19.252 18.789
82 16.858 20.351 22.387
83 18.868 21.305 25.449
84 18.643 22.697 28.961
85 20.677 24.585 31.535
86 20.733 25.221 35.266
87 22.208 27.454 37.943
88 22.546 26.691 41.635
89 25.432 27.462 43.959
90 25.963 26.498 47.581
91 24.220 28.735 50.088
92 26.235 31.124 52.222
93 27.23 46.697 -27.692
94 30.095 48.83 -26.441
95 30.847 51.379 -23.745
96 32.766 52.069 -20.557
97 32.911 49.763 -17.559
98 32.716 46.446 -19.373
99 33.662 44.466 -16.289
100 33.463 46.852 -13.357
101 35.217 46.541 -10.017
102 32.851 44.619 -7.773
103 30.933 42.425 -10.187
104 27.565 42.134 -11.891
105 25.161 39.879 -10.031
106 25.391 37.607 -7.012
107 26.82 34.252 -8.026
108 24.995 32.448 -10.809
109 28.373 31.157 -11.927
110 29.867 28.446 -9.750
111 33.479 28.902 -10.787
112 36.006 26.247 -9.745
113 38.557 27.253 -7.136
114 41.082 25.978 -9.651
115 39.945 28.822 -11.874
116 40.016 31.229 -8.954
117 43.092 32.888 -7.501
118 42.253 35.034 -4.498
119 39.083 36.174 -2.773
120 37.867 39.188 -0.833
121 35.022 39.267 1.662
122 33.589 42.533 2.929
123 31.63 43.273 6.082
124 30.159 46.62 5.106
125 26.892 47.136 3.266
126 28.648 45.055 0.636
127 28.997 41.976 2.809
128 29.721 40.012 -0.345
129 32.363 37.487 -1.331
130 34.628 38.662 -4.126
131 36.367 35.96 -6.127
132 39.361 36.922 -8.233
133 40.524 34.607 -10.992
134 43.986 34.141 -12.451
135 42.504 35.902 -15.456
136 41.878 39.027 -13.415
137 38.122 38.589 -13.571
138 36.632 39.357 -10.177
139 33.094 38.363 -9.270
140 30.921 38.762 -6.196
141 28.84 36.098 -4.494
142 26.532 35.759 -1.513
143 28.191 34.263 1.574
144 24.814 32.717 2.304
145 25.722 29.91 -0.067
146 27.343 26.866 1.492
147 29.029 25.973 -1.777
148 30.577 29.424 -1.639
149 31.708 28.989 1.946
150 33.146 25.635 0.941
151 35.01 27.145 -1.986
152 36.11 30.013 0.226
153 37.693 27.482 2.553
154 39.764 26.099 -0.297
155 40.403 29.501 -1.829
156 42.381 30.277 1.303
157 44.57 27.27 0.601
158 44.709 28.18 -3.070
159 45.932 31.636 -2.128
160 47.335 30.822 1.292
161 50.876 31.805 0.389
162 50.149 34.19 -2.459
163 47.088 36.255 -1.624
164 49.133 38.63 0.498
165 51.281 36.925 3.107
166 52.898 40.236 3.972
167 52.226 43.438 5.875
168 54.293 46.506 5.074
169 55.522 48.551 8.013
170 54.083 52.078 7.948
171 55.496 55.019 9.867
172 54.086 56.589 13.009
173 55.612 59.104 15.391
174 57.273 59.252 18.789
175 56.858 60.351 22.387
176 58.868 61.305 25.449
177 58.643 62.697 28.961
178 60.677 64.585 31.535
179 60.733 65.221 35.266
180 62.208 67.454 37.943
181 62.546 66.691 41.635
182 65.432 67.462 43.959
183 65.963 66.498 47.581
184 64.22 68.735 50.088
185 66.235 71.124 52.222
