0 -6.816 -24.394 9.435
1 -4.751 -23.813 12.548
2 -3.054 -20.650 13.609
3 -0.283 -18.581 12.060
4 3.336 -19.547 12.398
5 5.934 -16.864 12.897
6 7.690 -15.542 9.894
7 10.454 -12.939 9.540
8 7.647 -10.694 8.242
9 5.799 -9.047 10.964
10 2.303 -7.600 10.703
11 0.703 -5.280 13.227
12 -2.783 -3.972 13.830
13 -3.321 -0.785 15.664
14 -6.735 0.231 16.752
15 -7.531 3.955 16.654
16 -10.436 6.373 16.163
17 -11.811 4.749 13.161
18 -14.624 4.972 10.788
19 -16.201 1.835 9.321
20 -15.389 0.727 5.841
21 -17.240 -1.939 3.857
22 -14.283 -3.812 2.460
23 -10.642 -4.060 3.342
24 -8.293 -1.944 1.346
25 -4.867 -3.159 0.468
26 -2.105 -0.717 -0.258
27 1.243 -1.689 -1.463
28 4.426 0.308 -1.167
29 7.694 -0.837 -2.564
30 10.888 0.436 -1.059
31 14.127 -0.966 -2.418
32 13.431 -4.575 -1.628
33 10.850 -4.026 1.013
34 7.180 -4.478 0.516
35 4.982 -2.609 2.912
36 1.342 -3.607 2.763
37 -1.348 -1.616 4.414
38 -4.692 -3.176 5.127
39 -7.321 -0.643 5.932
40 -9.770 -1.972 8.429
41 -12.763 -0.537 10.292
42 -10.777 -0.950 13.522
43 -7.645 0.693 12.310
44 -4.447 0.175 10.532
45 -3.113 -3.248 9.842
46 0.298 -3.298 8.290
47 2.369 -6.120 6.917
48 6.001 -6.135 6.071
49 7.420 -8.412 3.400
50 11.147 -7.695 3.042
51 13.501 -9.154 0.441
52 11.275 -12.219 -0.109
53 11.624 -12.224 -3.859
54 14.484 -10.212 -5.286
55 16.926 -11.029 -8.066
56 20.255 -11.655 -6.535
57 23.483 -9.773 -6.816
58 26.630 -10.992 -5.124
59 25.686 -11.796 -1.546
60 27.000 -14.339 0.859
61 25.254 -16.127 3.656
62 26.321 -15.982 7.274
63 30.050 -16.492 7.195
64 30.912 -19.801 8.706
65 34.587 -20.542 9.138
66 36.584 -22.831 11.350
67 39.569 -25.121 11.559
68 39.755 -28.253 9.492
69 40.321 -31.625 11.043
70 43.011 -33.797 9.587
71 42.797 -37.431 10.645
72 40.406 -40.036 9.498
73 37.394 -40.436 11.805
74 35.078 -41.840 9.080
75 35.422 -44.938 6.943
76 36.200 -44.117 3.346
77 33.537 -44.608 0.735
78 36.003 -46.339 -1.614
79 34.007 -49.405 -2.554
80 31.430 -50.622 -5.005
81 27.942 -51.470 -3.850
82 27.465 -54.997 -4.986
83 24.097 -56.658 -4.969
84 22.177 -58.911 -7.282
85 18.873 -57.511 -8.291
86 16.229 -58.995 -10.483
87 13.516 -56.797 -11.936
88 10.744 -58.415 -9.914
89 10.199 -59.080 -6.200
90 9.853 -62.573 -4.803
91 6.472 -63.453 -6.190
92 4.906 -66.752 -5.447
93 -11.647 -4.493 20.503
94 -13.142 -1.331 21.792
95 -12.026 2.248 21.787
96 -11.351 4.055 24.976
97 -12.201 7.623 25.989
98 -9.061 9.014 24.484
99 -8.038 7.489 21.198
100 -4.999 8.789 19.327
101 -2.402 8.235 16.566
102 -0.752 4.990 17.248
103 2.594 4.039 15.729
104 4.389 0.716 15.907
105 7.848 -0.400 14.869
106 8.033 -3.940 13.658
107 11.046 -6.119 13.371
108 12.061 -7.501 9.974
109 15.226 -8.604 8.248
110 15.972 -5.476 6.425
111 18.881 -3.892 4.798
112 19.811 -0.315 5.833
113 18.066 2.593 4.292
114 20.129 5.668 3.438
115 17.344 8.141 4.008
116 14.324 7.808 6.209
117 11.471 7.348 3.854
118 7.987 8.433 4.656
119 4.967 7.307 2.778
120 1.581 8.685 3.163
121 -1.650 7.031 2.158
122 -5.082 8.467 2.519
123 -8.130 6.255 2.711
124 -11.479 7.874 3.445
125 -10.256 9.937 6.360
126 -7.405 7.800 7.469
127 -3.781 8.755 7.199
128 -1.450 5.844 7.045
129 2.213 6.707 7.338
130 5.086 4.421 6.781
131 8.527 5.266 8.011
132 11.145 3.144 6.447
133 13.984 2.581 8.856
134 17.108 0.373 8.921
135 15.487 -1.857 11.575
136 12.372 -2.594 9.659
137 8.982 -1.132 9.143
138 7.684 1.655 11.332
139 4.033 2.375 10.859
140 1.997 5.372 11.954
141 -1.676 5.969 11.870
142 -3.161 9.417 11.880
143 -6.896 8.805 11.614
144 -9.550 11.438 11.058
145 -7.976 14.418 12.885
146 -9.511 17.437 11.177
147 -13.156 16.916 10.436
148 -15.623 19.669 11.092
149 -17.450 17.674 13.679
150 -19.466 18.218 16.825
151 -16.964 19.029 19.543
152 -18.470 17.545 22.697
153 -20.664 14.477 22.730
154 -20.490 11.541 25.026
155 -21.039 8.003 23.872
156 -19.298 4.933 25.198
157 -17.156 2.491 23.181
158 -18.069 2.804 19.503
159 -16.418 3.638 16.190
160 -16.737 7.058 14.694
161 -20.128 7.545 13.103
162 -22.693 9.996 14.298
163 -24.724 8.896 17.282
164 -27.779 10.656 18.730
165 -27.059 13.575 20.965
166 -28.438 13.543 24.536
167 -26.554 16.764 25.514
168 -28.492 19.914 24.719
169 -26.195 21.949 22.559
170 -26.311 24.055 19.463
171 -24.876 21.937 16.677
172 -25.342 21.290 12.981
173 -28.326 19.661 11.347
174 -28.810 16.317 12.966
175 -30.950 13.754 11.222
176 -34.381 14.669 12.407
177 -37.345 12.970 10.903
178 -40.634 14.786 10.672
179 -43.841 13.351 9.293
180 -45.948 15.206 6.721
181 -48.674 15.556 9.305
182 -47.287 16.903 12.491
183 -49.503 17.365 15.495
184 -48.584 18.442 18.988
185 -48.837 16.192 21.994
